100
0 9
2
99
4
37
7
73
39
77
36
1 6
0
18
83
69
6
89
2 5
0
81
3
68
47
3 2
24
67
4 10
0
19
20
5
23
72
52
11
78
15
5 3
80
4
46
6 2
8
54
7 0
8 1
6
9 1
4
10 8
1
50
51
49
12
87
44
93
11 4
27
60
61
55
12 3
10
35
29
13 2
4
53
14 1
4
15 1
71
16 1
15
17 2
25
4
18 1
1
19 3
33
45
41
20 1
4
21 1
0
22 1
4
23 0
24 1
3
25 3
17
26
90
26 0
27 0
28 2
16
76
29 2
34
30
30 1
29
31 1
4
32 2
11
94
33 2
59
19
34 2
57
79
35 0
36 0
37 1
0
38 1
32
39 4
0
98
62
95
40 1
12
41 2
48
19
42 2
97
34
43 1
2
44 0
45 1
58
46 1
5
47 0
48 0
49 1
10
50 1
10
51 1
10
52 0
53 1
13
54 1
75
55 0
56 1
0
57 1
34
58 0
59 1
33
60 1
11
61 1
11
62 1
39
63 1
34
64 1
43
65 1
26
66 1
25
67 1
3
68 0
69 1
1
70 1
10
71 1
15
72 0
73 1
0
74 2
4
85
75 0
76 0
77 0
78 0
79 0
80 1
5
81 0
82 1
41
83 0
84 1
55
85 1
74
86 1
31
87 0
88 1
39
89 0
90 1
25
91 1
73
92 1
43
93 1
10
94 0
95 1
39
96 1
43
97 1
42
98 0
99 1
0
