100
0 99
1
2
3
4
5
6
7
8
9
10
11
12
13
14
15
16
17
18
19
20
21
22
23
24
25
26
27
28
29
30
31
32
33
34
35
36
37
38
39
40
41
42
43
44
45
46
47
48
49
50
51
52
53
54
55
56
57
58
59
60
61
62
63
64
65
66
67
68
69
70
71
72
73
74
75
76
77
78
79
80
81
82
83
84
85
86
87
88
89
90
91
92
93
94
95
96
97
98
99
1 96
2
3
4
5
6
7
8
9
10
11
12
13
14
15
16
17
18
19
20
21
22
23
24
25
26
27
28
29
30
31
33
34
35
36
37
39
40
41
42
43
44
45
46
47
48
49
50
51
52
53
54
55
56
57
58
59
60
61
62
63
64
65
66
67
68
69
70
71
72
73
74
75
76
77
78
79
80
81
82
83
84
85
86
87
88
89
90
91
92
93
94
95
96
97
98
99
2 26
64
65
4
6
10
75
76
78
81
18
83
89
25
26
91
68
36
40
95
61
48
49
51
57
59
74
3 6
50
86
7
11
93
30
4 5
57
26
76
61
81
5 19
33
70
97
73
23
45
77
17
82
52
54
55
56
88
87
79
92
29
63
6 1
25
7 1
86
8 25
67
69
71
72
13
16
99
20
85
22
24
90
27
28
31
80
34
35
37
39
41
43
44
47
62
9 15
14
96
66
42
12
98
46
15
19
84
21
58
60
94
53
10 4
40
48
59
68
11 0
12 0
13 21
80
34
35
69
39
72
41
43
44
47
16
99
20
85
22
24
90
27
28
62
31
14 3
98
21
46
15 2
84
53
16 3
99
43
44
17 3
82
70
87
18 9
64
49
51
65
89
74
75
78
95
19 4
96
58
60
66
20 15
34
35
69
39
72
41
47
85
22
24
90
27
28
62
31
21 1
98
22 13
34
35
69
39
72
41
85
24
90
27
28
62
31
23 13
33
45
97
73
77
79
88
52
54
55
56
29
63
24 1
62
25 0
26 0
27 4
72
41
35
31
28 5
34
90
69
85
39
29 2
33
52
30 1
50
31 0
32 0
33 0
34 1
85
35 0
36 2
91
83
37 0
38 0
39 2
90
69
40 0
41 1
72
42 1
94
43 2
99
44
44 1
99
45 8
88
97
54
55
56
73
79
63
46 0
47 0
48 0
49 1
65
50 0
51 1
78
52 0
53 1
84
54 4
88
97
79
55
55 2
88
79
56 1
73
57 2
81
76
58 3
96
66
60
59 0
60 2
96
66
61 0
62 0
63 0
64 4
89
74
75
95
65 0
66 1
96
67 1
71
68 0
69 1
90
70 0
71 0
72 0
73 0
74 3
89
75
95
75 0
76 1
81
77 0
78 0
79 1
88
80 0
81 0
82 1
87
83 1
91
84 0
85 0
86 0
87 0
88 0
89 1
95
90 0
91 0
92 0
93 0
94 0
95 0
96 0
97 0
98 0
99 0
