100
0 62
0
1
2
67
68
69
6
7
8
9
14
15
80
18
3
20
21
22
25
28
30
97
99
39
40
92
43
78
49
53
57
58
60
61
63
1 13
0
48
2
84
85
22
64
90
50
13
2 44
0
1
2
3
93
6
65
8
9
10
75
76
13
77
17
82
83
88
91
29
95
34
37
39
41
71
46
47
48
59
74
3 26
0
1
2
3
6
81
72
10
44
45
79
16
17
50
89
94
31
4 14
0
1
2
11
38
7
8
74
55
87
23
24
26
27
5 14
0
1
98
3
70
32
41
14
51
86
23
62
31
6 0
7 0
8 0
9 0
10 1
96
11 0
12 5
0
8
2
3
42
13 3
24
2
45
14 0
15 0
16 0
17 0
18 1
22
19 3
0
70
7
20 0
21 0
22 0
23 0
24 0
25 1
50
26 0
27 1
76
28 0
29 0
30 0
31 0
32 0
33 2
1
2
34 0
35 1
0
36 3
2
44
22
37 0
38 0
39 0
40 0
41 0
42 0
43 0
44 0
45 0
46 0
47 0
48 0
49 0
50 0
51 0
52 1
1
53 0
54 2
1
22
55 0
56 1
50
57 0
58 0
59 0
60 0
61 0
62 0
63 0
64 0
65 0
66 1
1
67 0
68 0
69 0
70 0
71 0
72 0
73 1
1
74 0
75 0
76 0
77 0
78 0
79 0
80 0
81 0
82 0
83 0
84 0
85 0
86 0
87 0
88 0
89 0
90 0
91 0
92 0
93 0
94 0
95 0
96 0
97 0
98 0
99 0
