100
0 5
33
83
91
38
54
1 3
35
44
22
2 7
18
21
41
58
94
10
14
3 9
33
98
43
5
24
41
11
66
83
4 9
48
2
99
84
37
71
8
90
30
5 3
96
54
6
6 2
3
70
7 1
40
8 2
41
38
9 4
8
84
29
55
10 5
47
98
55
49
87
11 3
24
33
70
12 6
65
5
58
93
14
29
13 5
71
67
28
5
87
14 4
17
50
84
85
15 6
65
34
20
74
59
45
16 6
81
36
86
6
56
30
17 4
4
82
20
12
18 2
44
13
19 6
98
5
76
60
13
78
20 4
24
51
91
15
21 8
82
69
54
89
44
45
85
95
22 8
17
53
84
37
55
79
13
31
23 7
81
2
35
36
54
10
11
24 3
40
48
59
25 4
10
99
52
77
26 3
72
81
43
27 2
46
39
28 6
3
52
69
8
11
14
29 8
65
98
99
68
5
73
2
21
30 3
57
29
62
31 4
43
3
13
15
32 6
82
56
9
90
93
47
33 9
19
97
83
70
87
26
76
45
63
34 3
48
60
47
35 6
33
67
3
38
90
77
36 4
40
59
44
62
37 4
57
67
36
59
38 3
54
93
6
39 8
16
61
43
71
8
47
45
77
40 5
31
85
46
62
95
41 8
80
65
69
64
31
43
96
53
42 5
8
18
3
90
70
43 6
81
2
3
22
39
89
44 5
15
98
99
13
23
45 1
53
46 10
99
1
83
20
54
38
55
28
19
53
47 6
50
19
41
72
9
92
48 6
53
74
75
10
78
79
49 3
90
78
71
50 6
80
65
36
69
45
63
51 6
4
7
73
75
47
79
52 8
18
62
86
23
11
76
13
46
53 5
80
57
42
75
63
54 10
66
52
70
86
73
58
59
28
77
31
55 5
48
1
76
84
64
56 1
78
57 5
49
50
84
22
62
58 4
40
50
99
69
59 3
8
73
77
60 2
1
70
61 5
11
81
39
45
47
62 5
56
27
93
46
69
63 2
90
5
64 3
98
99
18
65 3
10
75
60
66 7
19
54
9
58
11
12
78
67 4
32
83
90
75
68 1
19
69 5
8
51
44
13
15
70 3
49
85
73
71 5
24
16
82
76
5
72 5
10
23
66
77
63
73 2
53
7
74 1
63
75 5
89
99
60
70
63
76 4
25
82
2
71
77 6
66
85
88
89
5
69
78 7
64
48
72
31
91
28
47
79 5
49
26
27
78
73
80 7
72
66
84
38
24
74
76
81 2
75
70
82 5
73
21
17
33
79
83 2
40
10
84 6
3
70
72
58
14
79
85 3
51
46
6
86 6
32
97
34
35
93
47
87 4
65
66
98
54
88 8
96
2
54
86
90
43
28
61
89 3
2
99
18
90 3
64
38
6
91 3
33
76
73
92 6
24
43
5
1
40
23
93 5
88
9
99
46
1
94 6
0
17
85
70
93
47
95 4
80
86
78
7
96 5
35
94
29
62
39
97 14
33
2
99
4
23
78
47
11
20
87
52
79
92
30
98 4
38
51
21
54
99 8
36
5
42
27
60
93
94
69
