4096
0 93
1024
1
6
521
3594
14
273
18
1043
532
282
1053
545
1827
3365
44
2863
1585
3634
563
55
56
57
3131
317
1857
3395
2227
1866
1356
1357
79
2640
312
335
611
1550
1880
858
1887
3424
99
3601
1641
363
3951
2674
2932
373
2921
2836
1615
1917
2433
3393
137
3983
3480
154
2927
26
161
674
1447
680
3757
1455
3763
185
442
444
1474
1123
2977
713
205
3533
1748
3035
732
734
223
3042
226
593
232
3495
3410
765
83
3319
1018
2557
1 14
0
2
2087
1736
553
3815
207
2228
1333
183
4020
730
1439
1951
2 12
160
864
1314
836
17
74
974
113
2011
1756
1342
415
3 66
0
1792
516
1797
3974
2305
2697
1034
1687
1423
3218
2963
3349
22
1047
132
669
1057
1698
3111
2856
41
1095
684
303
178
179
238
3255
440
3902
1727
2038
454
3399
969
973
2638
980
2135
2265
859
604
3551
1504
225
3554
229
3813
1510
872
1257
2284
3053
3694
3262
3312
3441
500
2165
1782
3831
120
249
3263
1916
4 10
0
1664
2763
1846
855
1804
2218
2827
636
4092
5 11
2611
3
2691
862
583
8
2596
3354
7
1223
239
6 0
7 1
718
8 38
640
3488
1091
2116
3717
1163
65
9
11
1362
98
1934
1298
3923
1742
1633
69
288
107
1173
547
503
421
3239
1962
747
78
1837
48
242
3859
334
4021
375
3426
2044
2814
277
9 4
114
562
3578
1231
10 13
514
5
1574
4007
105
42
1902
656
1078
919
665
2410
127
11 25
833
773
2382
456
905
331
13
1614
461
528
270
505
1437
93
159
2466
1961
1514
1963
879
1457
3636
2885
1400
566
12 4
0
3970
1006
1839
13 6
1560
82
1380
518
2888
1202
14 23
51
3204
70
73
1746
1491
708
2820
666
219
29
33
483
874
3052
557
1134
435
949
376
1530
2090
1973
15 11
2082
1475
2469
86
391
8
2919
1002
71
621
1453
16 2
0
176
17 22
386
67
389
775
3154
19
87
728
1820
1274
35
1885
616
903
4079
2545
123
628
248
2420
58
379
18 35
66
1411
2501
3078
609
650
779
780
591
272
1923
20
2709
342
23
1113
731
28
31
165
738
163
2758
103
298
2199
2335
49
116
1401
3679
3004
61
702
895
19 0
20 12
3360
1985
68
1477
237
53
631
1272
1561
187
3518
533
21 4
0
2259
797
1463
22 19
1346
3
1413
359
1480
2953
2866
143
2693
50
3250
2804
25
1720
537
218
3583
1533
2079
23 2
369
1170
24 6
0
1426
1299
117
343
366
25 3
3305
1666
742
26 6
577
1332
190
1014
1369
94
27 2
1701
23
28 11
144
80
18
75
1125
3039
423
3209
139
2998
463
29 8
2578
294
1544
361
2042
594
318
1007
30 6
18
2900
4070
2489
2506
354
31 1
1518
32 5
1056
648
5
1534
221
33 12
3200
259
1604
3077
1835
174
269
2414
3023
2066
14
3499
34 7
194
1803
84
22
2339
843
1055
35 5
4008
17
795
2468
2333
36 3
3522
20
150
37 12
2178
227
422
904
971
1773
397
493
81
18
1270
2971
38 8
769
34
675
902
475
172
403
979
39 27
3329
4034
2947
325
582
737
201
4043
590
2512
2680
579
1044
3286
344
794
1182
351
3792
37
3559
2539
3063
1336
2681
3900
957
40 6
1634
8
2010
1387
3850
47
41 4
3136
1321
333
3600
42 5
1864
418
3893
581
365
43 6
3
772
85
3223
2730
1071
44 0
45 15
1122
3206
3079
200
233
3020
306
1245
18
1396
2647
3224
3803
4060
381
46 9
513
122
2580
22
838
647
474
109
767
47 4
40
193
2448
955
48 2
8
2103
49 5
664
3700
2323
3524
893
50 4
108
1933
1806
2093
51 7
192
97
2000
245
2145
603
3685
52 9
3075
1539
852
118
2073
43
1979
1102
2047
53 0
54 7
2562
147
5
1487
186
2123
2847
55 8
692
1841
2067
1444
1118
167
3177
3497
56 11
0
466
1107
1667
231
3947
586
1003
76
2250
743
57 3
320
314
2428
58 0
59 6
2129
3650
3
3793
170
2812
60 13
1
1154
776
2569
362
496
497
371
535
91
1130
286
319
61 1
2495
62 10
512
739
758
2153
2905
1395
60
281
2062
175
63 1
11
64 1
3
65 6
1169
3539
377
3275
125
126
66 9
3920
168
706
1654
4054
808
1065
1563
141
67 1
92
68 11
131
100
2917
134
839
72
3036
2043
1427
189
959
69 10
3632
3128
851
135
2904
3002
2987
1228
1469
824
70 1
261
71 4
191
4085
350
157
72 16
1632
353
1730
68
645
1856
1580
719
1425
1717
406
1591
2713
1754
3005
1209
73 6
14
1481
330
380
1066
3838
74 4
364
198
166
271
75 1
1526
76 5
4033
2207
140
3405
2143
77 2
3496
17
78 3
402
196
3134
79 0
80 2
1545
28
81 2
698
158
82 1
1631
83 2
0
592
84 16
2272
162
209
2728
1706
2829
2702
431
752
977
2803
3668
346
1019
3484
1343
85 19
2688
1313
370
43
2245
2599
316
471
1810
1009
658
689
1621
182
2007
697
3547
4028
990
86 1
102
87 3
3416
17
801
88 9
1136
3026
1293
1525
710
393
1114
2162
45
89 5
8
785
1139
877
1478
90 4
2307
1986
3
1627
91 4
2896
2257
60
3279
92 0
93 4
383
11
3019
2815
94 2
244
3445
95 10
4048
2561
18
1907
2548
1781
2934
153
620
754
96 3
264
2886
87
97 6
3187
676
222
878
1131
846
98 5
8
240
3394
3293
1390
99 6
1200
2003
916
757
155
3509
100 2
68
3581
101 5
704
83
1238
3254
119
102 3
128
1352
86
103 3
1264
1451
1175
104 3
56
1729
283
105 2
446
4062
106 3
11
124
2191
107 2
8
2281
108 4
50
115
2954
1815
109 3
865
110
1030
110 3
572
109
255
111 15
0
3492
1317
4076
1227
1196
1582
1327
112
149
2743
570
2076
1146
2069
112 12
2304
2401
546
1188
267
642
462
111
432
1777
468
1695
113 2
1234
181
114 2
9
910
115 1
108
116 2
18
3716
117 6
720
2048
260
705
184
2922
118 1
2686
119 6
101
950
2537
1498
3163
2378
120 5
1193
2907
3
597
3929
121 1
11
122 13
549
1884
1323
2004
146
212
789
216
2137
954
1211
1660
703
123 0
124 1
106
125 3
488
65
1861
126 5
65
2770
515
133
3669
127 2
10
2582
128 4
2474
694
4030
1671
129 3
0
215
1279
130 5
1768
1832
3643
1348
23
131 4
3608
1834
68
1214
132 1
3
133 2
126
1031
134 2
68
3271
135 2
842
2463
136 6
130
410
1051
2274
558
285
137 4
396
598
2646
2493
138 2
844
4
139 4
1738
4066
412
1669
140 3
1689
180
1733
141 3
66
2772
2285
142 3
24
2595
782
143 5
1276
3548
230
22
151
144 7
1153
482
806
3143
349
622
1377
145 2
307
103
146 1
892
147 1
3648
148 3
204
100
1142
149 0
150 8
36
252
3447
2376
169
3967
2732
1892
151 5
736
1409
2193
1339
2608
152 6
1088
1989
1241
3591
137
1515
153 2
1740
95
154 1
0
155 2
1609
2435
156 1
18
157 0
158 2
81
258
159 4
1819
2481
11
847
160 1
2
161 0
162 3
465
3194
84
163 3
18
3285
2383
164 1
114
165 1
18
166 1
74
167 2
4010
55
168 2
2211
1093
169 6
993
274
279
392
2139
2751
170 8
1921
530
3203
266
59
1359
2386
1101
171 1
56
172 1
3574
173 5
1408
3
931
214
629
174 4
3528
33
2619
1417
175 0
176 1
2577
177 1
43
178 7
850
3
3012
2366
1415
2330
3662
179 0
180 1
140
181 5
1217
986
388
414
1038
182 0
183 0
184 3
457
490
3086
185 0
186 2
584
262
187 6
2160
1713
1538
2138
2923
3373
188 18
2657
290
580
1606
1385
1271
1341
848
1011
250
1881
3300
890
3199
60
3261
670
3455
189 0
190 1
492
191 2
3832
71
192 4
433
51
438
2497
193 0
194 0
195 1
40
196 10
766
1556
1422
1144
3625
714
1132
589
78
559
197 3
2483
21
1501
198 0
199 3
1793
507
7
200 0
201 2
1376
39
202 4
2937
2957
14
1711
203 2
28
1877
204 4
2289
1039
148
1735
205 3
0
523
2710
206 3
112
3233
2009
207 6
3267
1128
908
3834
315
924
208 2
139
1255
209 0
210 2
3011
118
211 2
32
1016
212 2
876
2077
213 3
184
1968
427
214 2
2472
820
215 0
216 1
122
217 1
91
218 4
587
940
541
22
219 2
1349
14
220 2
36
357
221 1
289
222 2
3665
606
223 4
716
1668
964
2742
224 4
633
29
2117
3655
225 2
345
3
226 2
0
3991
227 0
228 2
0
2752
229 3
1042
2131
1197
230 6
1731
484
3191
3768
265
236
231 1
3376
232 2
0
907
233 1
45
234 1
181
235 1
8
236 0
237 1
1230
238 0
239 7
673
1554
5
247
3096
3448
991
240 0
241 8
3269
867
1285
2795
2476
2237
62
3727
242 1
3836
243 11
3936
161
2002
489
4046
1718
295
1928
1673
498
430
244 3
1201
3994
3401
245 1
51
246 1
118
247 1
888
248 0
249 4
1105
1882
1468
1277
250 1
188
251 3
2332
53
2877
252 1
150
253 1
119
254 2
3641
69
255 1
2216
256 5
1745
130
1531
1325
1446
257 4
3288
946
43
302
258 3
2337
3795
158
259 1
2457
260 9
3825
1906
452
1253
3047
1159
1707
2238
1397
261 7
449
565
70
585
2089
1579
3734
262 2
186
458
263 5
241
1260
1405
3686
1761
264 6
96
3764
439
2601
2572
3881
265 0
266 6
2609
2100
1958
2161
170
1215
267 4
112
1611
861
3085
268 3
276
99
1036
269 2
1523
1133
270 4
2672
1032
1956
724
271 2
74
1180
272 3
1184
18
644
273 0
274 3
472
169
1517
275 3
2306
29
678
276 3
360
1213
870
277 1
8
278 2
504
14
279 4
1297
3379
3213
1774
280 2
18
3798
281 1
62
282 0
283 6
835
920
297
2239
637
2591
284 7
657
260
1461
727
3833
756
781
285 2
2860
525
286 1
1262
287 2
2099
11
288 1
8
289 0
290 3
188
3205
751
291 7
464
2200
1220
38
887
568
2170
292 5
8
1243
613
2398
599
293 2
72
3330
294 0
295 2
243
3845
296 1
54
297 6
3739
1365
935
1256
283
989
298 1
18
299 1
43
300 2
178
1722
301 1
243
302 3
2242
429
445
303 2
802
627
304 1
42
305 3
1512
266
2716
306 2
1315
1294
307 4
520
145
3060
2254
308 1
164
309 2
22
3511
310 1
59
311 12
416
1509
3596
3787
1452
3214
17
1075
1205
748
4091
831
312 7
0
944
1382
326
3089
4025
2538
313 5
1378
3
1148
451
2287
314 6
1858
596
3141
57
1994
927
315 2
1161
207
316 1
826
317 0
318 1
29
319 2
60
1005
320 4
2892
1939
3436
683
321 2
8
1954
322 2
260
829
323 2
122
2811
324 3
152
1068
2958
325 1
39
326 1
312
327 3
337
347
28
328 1
112
329 1
225
330 3
3928
73
2181
331 2
11
2158
332 5
3409
538
2243
788
39
333 0
334 2
3713
1466
335 1
0
336 10
1345
3586
1459
340
1189
646
103
947
1500
1010
337 2
3675
550
338 2
291
470
339 1
42
340 5
385
1930
2939
3114
481
341 4
3651
3
2357
2573
342 0
343 1
24
344 0
345 1
225
346 2
2773
3671
347 1
1741
348 1
278
349 3
144
1069
3791
350 3
952
2130
3644
351 1
39
352 4
3714
260
3906
639
353 5
72
2040
1027
1612
3383
354 3
1569
1836
30
355 4
3432
409
307
774
356 1
122
357 1
679
358 4
699
556
45
455
359 2
1442
22
360 0
361 0
362 3
860
4042
60
363 2
0
1790
364 0
365 1
42
366 1
24
367 2
1
1074
368 7
1584
2114
83
1258
651
3101
447
369 3
508
1398
23
370 1
85
371 6
2402
740
2565
1529
3514
60
372 1
368
373 2
1048
2735
374 1
84
375 0
376 1
14
377 0
378 1
5
379 1
17
380 2
3872
1895
381 5
2936
1319
2445
4022
3647
382 4
8
2976
1110
543
383 2
1233
93
384 1
0
385 2
1484
340
386 1
2303
387 1
127
388 0
389 2
1192
1275
390 4
400
1064
18
3774
391 0
392 0
393 4
88
672
2380
2645
394 1
371
395 1
74
396 0
397 0
398 1
186
399 1
269
400 1
783
401 1
181
402 3
3912
510
78
403 4
3195
2805
38
3007
404 1
386
405 7
1520
961
499
3182
1651
172
3342
406 3
1537
2041
3537
407 1
45
408 1
405
409 5
791
1242
355
3486
2311
410 1
136
411 7
2096
819
1940
101
1224
2154
3278
412 2
139
3044
413 1
10
414 0
415 0
416 0
417 7
641
595
39
524
3100
3741
623
418 0
419 1
170
420 6
1266
3780
983
762
218
2351
421 1
8
422 1
37
423 2
3800
2660
424 9
768
897
3106
1331
311
3945
2282
3148
942
425 1
424
426 3
1226
11
1028
427 2
2748
213
428 5
696
2784
682
3491
398
429 3
784
578
302
430 0
431 4
2872
3530
84
677
432 1
112
433 2
834
891
434 3
338
3762
3478
435 5
841
963
2195
14
3201
436 1
3
437 6
3985
3301
22
551
2173
1613
438 2
1104
2027
439 6
3442
707
264
1098
443
2462
440 0
441 1
81
442 0
443 1
439
444 1
0
445 6
1568
2356
662
871
3527
1996
446 2
2949
733
447 0
448 3
2756
4061
302
449 6
1681
261
1766
2088
632
975
450 6
2016
324
3766
2566
3335
1595
451 0
452 2
3618
1757
453 1
178
454 2
915
1261
455 1
358
456 1
11
457 0
458 4
2544
654
262
1943
459 7
560
3633
146
2964
2426
2667
1516
460 2
1108
223
461 2
11
1779
462 0
463 1
750
464 2
1488
3616
465 0
466 2
56
605
467 1
238
468 3
112
4072
3287
469 1
106
470 1
1587
471 1
1438
472 0
473 1
3
474 1
951
475 4
2649
3054
38
2665
476 1
3
477 3
0
3184
726
478 4
2273
899
501
22
479 1
11
480 2
5
534
481 3
3464
1222
1375
482 1
4006
483 2
1432
2694
484 0
485 1
17
486 2
464
1601
487 1
93
488 0
489 1
1904
490 0
491 2
8
1070
492 5
3897
1194
1155
1980
2021
493 1
552
494 2
1700
4
495 2
1984
57
496 2
2521
2070
497 3
2384
3769
1564
498 4
3672
906
243
3422
499 0
500 4
817
3
3949
4075
501 3
2352
1913
478
502 2
312
2844
503 3
1177
2851
1759
504 0
505 1
11
506 3
1
571
3500
507 3
1041
1693
199
508 1
2280
509 1
336
510 2
402
1788
511 3
2064
180
574
512 0
513 3
2635
1059
3916
514 3
10
1198
943
515 0
516 0
517 3
321
3738
2025
518 0
519 1
14
520 1
3065
521 1
0
522 2
792
196
523 1
205
524 3
2768
2522
1703
525 4
1236
2196
285
663
526 1
17
527 1
243
528 7
2464
3571
918
2008
11
3710
3167
529 1
10
530 1
170
531 1
8
532 1
3375
533 0
534 1
480
535 2
60
1678
536 1
152
537 1
22
538 1
332
539 2
243
2348
540 3
336
1373
630
541 1
218
542 1
0
543 1
382
544 1
302
545 0
546 2
112
1674
547 1
8
548 3
929
745
55
549 3
1464
1129
884
550 0
551 3
898
1052
437
552 1
493
553 4
1657
2666
3438
1318
554 2
2683
11
555 2
18
2845
556 1
358
557 2
2618
14
558 1
3888
559 3
2785
2269
1751
560 0
561 1
2
562 1
9
563 3
912
2475
1414
564 2
2870
358
565 3
3107
261
1421
566 1
11
567 1
191
568 1
291
569 2
0
1368
570 2
3921
614
571 1
3506
572 4
2296
3553
1692
798
573 3
3835
196
671
574 2
1942
511
575 1
8
576 1
18
577 3
2434
1948
2797
578 1
429
579 1
1992
580 1
188
581 1
42
582 1
39
583 0
584 2
2912
186
585 2
2277
1351
586 0
587 1
3363
588 1
295
589 1
911
590 0
591 3
3145
1181
1670
592 3
3386
83
1590
593 0
594 0
595 3
417
770
2614
596 2
2249
314
597 4
120
840
1402
3612
598 0
599 3
1292
3459
292
600 2
169
2796
601 2
2219
390
602 1
89
603 3
1456
617
51
604 1
1404
605 0
606 2
2388
222
607 3
1081
3924
31
608 1
312
609 1
18
610 1
84
611 1
0
612 3
260
1157
2935
613 1
1898
614 3
913
570
1449
615 1
28
616 1
2407
617 1
603
618 1
477
619 2
58
1775
620 1
95
621 2
3531
15
622 0
623 1
1982
624 1
0
625 1
60
626 1
382
627 2
2052
303
628 1
17
629 1
173
630 2
540
1493
631 0
632 3
449
2354
3809
633 0
634 5
122
1287
2301
2926
925
635 1
62
636 2
4
4015
637 1
283
638 1
39
639 0
640 0
641 1
417
642 5
3521
1787
1372
965
685
643 2
3211
548
644 1
2055
645 3
72
1888
2429
646 1
336
647 0
648 1
32
649 1
18
650 3
18
2661
2150
651 1
368
652 2
0
2924
653 1
231
654 6
1844
1103
458
2891
894
3439
655 1
122
656 1
10
657 1
284
658 1
2721
659 3
1004
196
3325
660 1
46
661 1
168
662 0
663 1
525
664 1
49
665 1
10
666 0
667 1
295
668 1
188
669 1
3
670 0
671 4
1522
573
2974
1045
672 1
2081
673 0
674 2
0
1225
675 2
1328
1847
676 2
2060
1166
677 3
1058
1524
431
678 3
1993
275
1581
679 4
3241
3715
932
3895
680 1
0
681 1
352
682 6
1697
3587
2390
3208
3627
428
683 0
684 0
685 2
642
1150
686 2
3504
78
687 1
303
688 3
2746
3155
172
689 5
777
1090
1915
1394
1598
690 2
1386
37
691 1
62
692 0
693 3
72
1203
2236
694 1
128
695 2
2
3963
696 1
2127
697 0
698 0
699 3
2156
2453
2231
700 1
445
701 1
179
702 0
703 1
122
704 1
101
705 2
1908
117
706 3
66
845
2967
707 3
2258
1931
439
708 2
2229
14
709 2
377
2252
710 1
2581
711 2
437
741
712 1
85
713 0
714 0
715 2
0
869
716 1
223
717 1
39
718 1
7
719 1
72
720 0
721 1
11
722 1
382
723 1
15
724 0
725 1
434
726 1
477
727 0
728 0
729 2
1244
85
730 1
853
731 1
1623
732 3
0
1536
1340
733 2
2630
3390
734 0
735 4
3340
1547
84
2855
736 1
3653
737 2
2209
39
738 2
18
790
739 0
740 2
371
1918
741 2
2717
1015
742 2
3084
815
743 1
56
744 1
420
745 1
548
746 4
962
508
3446
1767
747 2
8
811
748 0
749 2
9
1337
750 1
463
751 1
1694
752 1
84
753 1
22
754 1
3756
755 2
3565
206
756 3
914
284
1749
757 0
758 1
62
759 1
682
760 3
188
1949
2893
761 4
616
2300
2658
1412
762 3
2612
1990
1399
763 1
295
764 1
3
765 0
766 1
196
767 2
46
1551
768 1
424
769 1
2810
770 0
771 1
283
772 0
773 1
1151
774 1
3059
775 0
776 4
2404
1172
60
3884
777 1
689
778 1
437
779 4
1329
18
1914
2015
780 0
781 1
284
782 1
3242
783 1
400
784 1
429
785 2
1776
4047
786 1
16
787 2
0
3391
788 2
2104
2816
789 0
790 3
3560
738
2396
791 1
409
792 1
522
793 2
984
69
794 3
1073
2188
39
795 2
1115
35
796 1
196
797 2
21
2981
798 2
3140
572
799 1
83
800 3
960
3556
406
801 4
1121
2308
2508
3041
802 0
803 2
150
1927
804 1
34
805 1
60
806 2
144
1171
807 3
291
1301
2485
808 2
1620
2869
809 2
645
1543
810 3
4004
572
1334
811 0
812 2
481
3908
813 1
0
814 1
110
815 1
1712
816 1
3
817 2
2664
500
818 1
497
819 0
820 2
2298
214
821 2
584
1521
822 2
2226
773
823 1
417
824 1
69
825 2
0
3968
826 2
3676
316
827 5
106
3652
2734
2342
3087
828 2
4005
39
829 0
830 2
552
1099
831 1
311
832 1
373
833 3
3889
3851
3421
834 0
835 1
283
836 0
837 2
2
2514
838 1
46
839 1
68
840 1
597
841 0
842 5
875
1799
868
2574
135
843 3
34
1532
997
844 1
3246
845 0
846 2
97
956
847 2
1087
159
848 1
188
849 2
2349
62
850 1
982
851 2
1540
1910
852 1
52
853 3
730
2675
3708
854 1
399
855 2
2914
4
856 2
1289
474
857 3
2360
2952
18
858 1
0
859 1
3814
860 4
362
2839
1140
2911
861 0
862 1
5
863 1
534
864 0
865 1
939
866 1
8
867 1
3129
868 4
842
933
2942
1117
869 2
715
1527
870 4
2584
1316
2838
2551
871 2
1281
445
872 1
3
873 1
497
874 0
875 2
2241
842
876 0
877 11
2519
1458
3844
901
1814
1911
2136
89
3543
1020
953
878 1
97
879 2
11
2405
880 1
28
881 1
42
882 1
381
883 1
264
884 1
549
885 2
1849
877
886 1
2
887 1
291
888 1
3309
889 3
1576
2867
20
890 3
2377
188
999
891 0
892 1
3557
893 1
49
894 1
654
895 1
2787
896 2
1374
614
897 0
898 2
3589
3142
899 3
2033
2019
1462
900 2
877
1431
901 1
877
902 2
2417
3657
903 0
904 1
3001
905 0
906 1
498
907 0
908 1
207
909 1
820
910 1
114
911 3
1699
589
3479
912 4
1120
1304
3712
1863
913 3
2779
3701
2755
914 0
915 0
916 1
99
917 3
729
996
1077
918 0
919 2
3592
10
920 2
283
1126
921 1
159
922 3
248
2091
3827
923 3
29
1430
1013
924 5
1017
1418
1559
934
207
925 1
634
926 1
471
927 2
1505
3998
928 2
424
1338
929 1
3481
930 1
895
931 1
173
932 2
1557
679
933 0
934 1
4059
935 0
936 1
574
937 1
14
938 1
243
939 3
865
2394
2771
940 0
941 1
188
942 2
2322
1511
943 0
944 5
312
3993
1499
2988
2652
945 1
585
946 3
3384
3680
1393
947 2
336
3941
948 2
162
2527
949 2
3092
14
950 1
119
951 0
952 2
1429
350
953 2
1760
2438
954 3
122
1403
1366
955 0
956 0
957 2
2212
3663
958 6
1607
458
3711
2122
3726
1677
959 2
1441
68
960 1
2344
961 0
962 0
963 1
435
964 0
965 0
966 1
0
967 2
1873
644
968 1
241
969 1
3
970 3
3083
43
1798
971 4
1472
1450
37
1734
972 1
761
973 4
1626
3
2373
3202
974 1
2
975 2
1636
2470
976 1
793
977 0
978 3
474
1683
2102
979 2
1145
38
980 0
981 2
1976
297
982 0
983 3
3865
420
3862
984 0
985 4
3
2459
2251
2807
986 4
1680
3873
2427
1663
987 2
2916
261
988 1
665
989 1
297
990 1
2029
991 2
1890
239
992 1
111
993 3
2568
169
2314
994 3
1850
644
1893
995 1
358
996 1
917
997 0
998 1
321
999 1
890
1000 1
84
1001 4
1296
3569
3779
85
1002 1
15
1003 1
56
1004 0
1005 2
2362
319
1006 1
3732
1007 2
1208
29
1008 1
985
1009 0
1010 0
1011 1
188
1012 1
95
1013 1
2018
1014 1
26
1015 2
2202
1965
1016 1
2166
1017 5
2030
924
3517
1302
3015
1018 0
1019 2
1283
84
1020 1
877
1021 4
243
2292
1094
1783
1022 1
924
1023 1
764
1024 1
1037
1025 5
1640
2659
252
1878
2719
1026 1
458
1027 3
353
1035
2253
1028 1
426
1029 2
50
1653
1030 1
2256
1031 1
2960
1032 2
1874
1174
1033 1
517
1034 1
3
1035 0
1036 4
3588
3972
1675
268
1037 1
1024
1038 1
2328
1039 0
1040 1
361
1041 1
507
1042 0
1043 2
0
3021
1044 0
1045 1
671
1046 1
28
1047 4
2895
3
3069
3909
1048 1
373
1049 2
3118
38
1050 1
687
1051 0
1052 0
1053 1
0
1054 1
17
1055 1
34
1056 1
2346
1057 1
3
1058 3
2546
677
2210
1059 0
1060 3
3298
5
3407
1061 2
2
2946
1062 1
143
1063 5
3378
739
1691
3061
2750
1064 0
1065 2
66
3189
1066 1
3332
1067 2
89
2063
1068 1
324
1069 1
1492
1070 0
1071 0
1072 5
3688
3123
28
1445
1997
1073 1
794
1074 0
1075 1
311
1076 2
1969
138
1077 1
1795
1078 0
1079 1
10
1080 1
844
1081 0
1082 5
2928
2105
642
3666
1897
1083 1
1082
1084 4
3440
90
2309
2862
1085 1
439
1086 1
143
1087 2
1826
847
1088 1
2494
1089 1
254
1090 1
2295
1091 2
8
1705
1092 6
4035
1381
3094
56
1589
3855
1093 0
1094 4
1143
2983
1021
2575
1095 0
1096 1
741
1097 2
1998
806
1098 2
2821
439
1099 4
3465
1635
2133
830
1100 1
39
1101 1
170
1102 1
2268
1103 1
654
1104 3
2113
438
2881
1105 1
249
1106 5
2456
2625
2422
830
1679
1107 2
56
2125
1108 0
1109 1
478
1110 1
2761
1111 1
110
1112 3
768
3761
3281
1113 2
18
2884
1114 0
1115 1
3443
1116 1
39
1117 1
868
1118 1
55
1119 2
960
2825
1120 2
3493
3614
1121 2
801
2929
1122 1
45
1123 3
0
3696
1324
1124 2
1219
110
1125 0
1126 1
920
1127 3
2392
3000
3
1128 1
1600
1129 1
1941
1130 1
60
1131 1
3276
1132 1
196
1133 2
2868
269
1134 1
14
1135 5
2504
3362
2570
3541
631
1136 0
1137 3
2531
1061
2991
1138 1
99
1139 0
1140 1
2509
1141 1
468
1142 2
1955
148
1143 1
1094
1144 2
3337
2046
1145 1
979
1146 1
1578
1147 1
353
1148 4
313
3138
2381
3071
1149 1
150
1150 0
1151 1
1165
1152 1
22
1153 0
1154 0
1155 0
1156 3
186
1622
2774
1157 0
1158 1
22
1159 0
1160 1
0
1161 0
1162 3
1528
3017
196
1163 0
1164 1
1148
1165 3
1840
2155
1151
1166 0
1167 2
1786
468
1168 1
759
1169 0
1170 1
1690
1171 0
1172 3
1353
1295
3817
1173 1
8
1174 1
1032
1175 0
1176 3
3584
1586
655
1177 1
503
1178 1
188
1179 1
35
1180 0
1181 1
591
1182 1
39
1183 1
98
1184 0
1185 1
650
1186 1
18
1187 2
307
3933
1188 0
1189 1
336
1190 1
892
1191 1
418
1192 1
389
1193 0
1194 0
1195 1
647
1196 0
1197 1
229
1198 2
514
2650
1199 1
554
1200 3
2841
99
1716
1201 1
244
1202 0
1203 1
3144
1204 1
125
1205 0
1206 1
33
1207 1
416
1208 0
1209 0
1210 1
725
1211 2
3867
2806
1212 2
139
2283
1213 0
1214 1
3595
1215 1
2172
1216 2
1112
3579
1217 0
1218 1
35
1219 1
1124
1220 1
291
1221 2
21
1583
1222 2
481
1875
1223 5
3352
4080
1643
5
4039
1224 1
3277
1225 1
674
1226 0
1227 0
1228 2
3937
2579
1229 2
572
2887
1230 2
2097
237
1231 0
1232 4
3
1629
1278
3709
1233 2
2478
383
1234 4
3512
113
3259
1303
1235 2
381
3567
1236 0
1237 2
8
2826
1238 2
1483
101
1239 3
1371
91
1252
1240 1
93
1241 1
152
1242 1
409
1243 0
1244 1
729
1245 3
1424
2979
1494
1246 1
60
1247 1
232
1248 1
1038
1249 2
1829
302
1250 1
733
1251 1
1023
1252 2
3564
1471
1253 0
1254 3
354
2124
2186
1255 1
208
1256 2
297
1495
1257 1
1617
1258 2
368
2367
1259 1
1017
1260 0
1261 1
454
1262 0
1263 1
149
1264 0
1265 2
2363
45
1266 0
1267 5
1672
2425
700
3925
3113
1268 1
919
1269 1
349
1270 1
1967
1271 2
1818
3043
1272 1
20
1273 2
69
3238
1274 1
17
1275 0
1276 0
1277 2
249
3183
1278 1
1232
1279 3
129
2524
3566
1280 4
2712
3456
2084
207
1281 1
1389
1282 1
777
1283 1
1019
1284 1
1031
1285 0
1286 1
371
1287 1
2271
1288 1
238
1289 3
856
1889
2696
1290 2
2176
913
1291 1
650
1292 2
3819
2980
1293 1
88
1294 1
306
1295 0
1296 0
1297 1
279
1298 0
1299 1
3115
1300 1
889
1301 1
807
1302 1
1017
1303 0
1304 1
912
1305 1
483
1306 2
99
2511
1307 1
1127
1308 1
283
1309 1
3
1310 2
64
2533
1311 1
0
1312 1
141
1313 0
1314 1
2
1315 2
1872
306
1316 3
2781
870
2663
1317 1
111
1318 3
553
1419
2350
1319 0
1320 1
3
1321 0
1322 1
22
1323 1
122
1324 0
1325 0
1326 1
827
1327 0
1328 1
2121
1329 0
1330 1
283
1331 0
1332 1
26
1333 4
1784
1
1594
2940
1334 1
810
1335 1
381
1336 1
39
1337 0
1338 1
928
1339 1
151
1340 0
1341 0
1342 1
2
1343 1
84
1344 2
2419
196
1345 0
1346 2
2898
22
1347 2
88
2626
1348 0
1349 3
1929
2714
2286
1350 2
3009
178
1351 1
2108
1352 0
1353 0
1354 1
2
1355 1
122
1356 1
0
1357 0
1358 1
22
1359 1
3958
1360 1
206
1361 2
2353
1195
1362 2
8
4057
1363 3
1828
1747
108
1364 1
62
1365 0
1366 3
2266
2028
3623
1367 1
3
1368 1
3624
1369 1
26
1370 1
1271
1371 0
1372 3
2361
3860
3693
1373 1
540
1374 0
1375 0
1376 1
201
1377 1
3338
1378 1
313
1379 1
72
1380 1
13
1381 1
1092
1382 1
312
1383 2
1924
1061
1384 1
144
1385 0
1386 1
1763
1387 0
1388 1
143
1389 0
1390 1
1433
1391 2
0
1950
1392 2
3302
94
1393 2
3706
3487
1394 0
1395 0
1396 2
2409
3842
1397 1
260
1398 1
369
1399 1
762
1400 1
11
1401 1
18
1402 0
1403 1
954
1404 1
604
1405 1
263
1406 2
2215
39
1407 3
3729
3014
927
1408 1
173
1409 1
151
1410 1
170
1411 2
3784
2418
1412 1
761
1413 1
22
1414 0
1415 1
178
1416 1
1087
1417 1
174
1418 0
1419 0
1420 2
0
1558
1421 0
1422 0
1423 0
1424 2
2668
1245
1425 1
72
1426 1
24
1427 0
1428 4
1816
1162
2338
2858
1429 3
2617
2031
2423
1430 2
3226
3806
1431 0
1432 0
1433 2
2610
2109
1434 3
3348
1069
2487
1435 1
4
1436 1
4
1437 0
1438 1
471
1439 1
1
1440 2
837
1743
1441 0
1442 1
359
1443 1
971
1444 1
2984
1445 0
1446 0
1447 1
0
1448 5
2848
2071
429
1974
3215
1449 2
2897
3558
1450 0
1451 0
1452 0
1453 3
1723
3573
15
1454 3
1833
2740
1172
1455 1
0
1456 2
603
2118
1457 0
1458 1
877
1459 0
1460 2
729
3828
1461 2
284
1991
1462 1
899
1463 1
21
1464 0
1465 1
454
1466 1
2182
1467 3
3490
52
2255
1468 0
1469 2
69
2037
1470 1
60
1471 0
1472 1
971
1473 1
531
1474 2
0
2261
1475 0
1476 2
755
3839
1477 1
20
1478 1
89
1479 1
969
1480 0
1481 0
1482 1
437
1483 2
1496
2499
1484 0
1485 2
3785
18
1486 2
2706
381
1487 2
54
2799
1488 1
464
1489 1
1340
1490 2
1808
14
1491 1
14
1492 0
1493 1
630
1494 2
2244
1245
1495 1
1256
1496 1
1483
1497 1
515
1498 1
119
1499 3
4081
2315
3197
1500 3
336
2400
2643
1501 3
3273
197
2830
1502 1
334
1503 2
3377
35
1504 2
3091
3605
1505 0
1506 1
22
1507 2
379
2101
1508 2
1848
1058
1509 1
311
1510 0
1511 0
1512 0
1513 1
944
1514 0
1515 1
152
1516 2
459
2119
1517 0
1518 0
1519 4
1721
1719
1854
111
1520 2
405
3887
1521 0
1522 0
1523 1
269
1524 1
1567
1525 1
88
1526 3
3457
2754
2319
1527 0
1528 1
1162
1529 1
371
1530 0
1531 1
256
1532 2
3297
2302
1533 2
2220
22
1534 0
1535 1
971
1536 1
732
1537 0
1538 1
187
1539 0
1540 1
851
1541 1
411
1542 1
645
1543 1
809
1544 1
29
1545 0
1546 1
405
1547 2
2175
735
1548 1
1088
1549 1
93
1550 2
1860
1935
1551 0
1552 3
1089
2324
1801
1553 2
1488
3724
1554 0
1555 1
242
1556 3
1952
3097
196
1557 1
932
1558 1
1420
1559 0
1560 1
2945
1561 0
1562 1
411
1563 0
1564 0
1565 1
14
1566 1
1131
1567 2
1524
3270
1568 1
2972
1569 2
3640
3076
1570 3
2321
93
2430
1571 1
32
1572 1
1082
1573 1
270
1574 1
10
1575 1
502
1576 0
1577 1
159
1578 1
1146
1579 0
1580 1
72
1581 0
1582 0
1583 1
1221
1584 2
368
2753
1585 0
1586 0
1587 1
470
1588 1
261
1589 0
1590 2
592
1824
1591 0
1592 1
1249
1593 2
144
1999
1594 0
1595 1
450
1596 3
2112
1138
3866
1597 1
944
1598 0
1599 1
682
1600 5
1128
1825
1845
1870
1901
1601 1
486
1602 1
1407
1603 1
1495
1604 1
33
1605 1
983
1606 0
1607 0
1608 1
629
1609 0
1610 1
1148
1611 0
1612 1
353
1613 1
437
1614 0
1615 1
0
1616 1
34
1617 2
1257
3181
1618 1
349
1619 1
1411
1620 0
1621 1
85
1622 0
1623 0
1624 1
368
1625 3
3804
2604
742
1626 0
1627 1
90
1628 2
1411
2157
1629 0
1630 1
1225
1631 1
82
1632 1
72
1633 0
1634 0
1635 1
1099
1636 1
975
1637 1
388
1638 2
186
2085
1639 1
1198
1640 0
1641 0
1642 2
2968
458
1643 3
3081
3406
1223
1644 1
91
1645 1
1108
1646 2
2080
855
1647 1
1169
1648 1
654
1649 2
1211
2902
1650 1
919
1651 1
2197
1652 1
29
1653 1
1029
1654 0
1655 1
1363
1656 2
3745
346
1657 0
1658 1
52
1659 4
2528
2819
1862
750
1660 0
1661 1
366
1662 3
1753
970
1876
1663 0
1664 1
4
1665 2
2747
693
1666 0
1667 2
56
2699
1668 0
1669 0
1670 1
591
1671 1
1715
1672 0
1673 2
243
3719
1674 1
546
1675 0
1676 1
1082
1677 0
1678 1
535
1679 0
1680 2
986
2358
1681 0
1682 4
3932
44
1725
2790
1683 0
1684 1
68
1685 1
258
1686 1
769
1687 1
2729
1688 1
1501
1689 1
140
1690 4
1170
1851
3324
3485
1691 0
1692 1
572
1693 2
507
1926
1694 1
2045
1695 0
1696 2
1179
3749
1697 2
2128
682
1698 2
3120
3
1699 1
911
1700 1
494
1701 1
27
1702 1
5
1703 0
1704 1
39
1705 1
1091
1706 0
1707 0
1708 1
502
1709 1
986
1710 1
761
1711 0
1712 1
815
1713 1
187
1714 1
1366
1715 2
3156
1671
1716 0
1717 0
1718 1
243
1719 0
1720 1
22
1721 1
1519
1722 0
1723 0
1724 2
3552
5
1725 1
1682
1726 1
856
1727 1
3
1728 1
18
1729 0
1730 1
72
1731 0
1732 2
548
2854
1733 0
1734 1
971
1735 1
204
1736 0
1737 3
1
3597
3207
1738 1
139
1739 1
859
1740 0
1741 3
1785
1842
347
1742 1
8
1743 2
1440
2882
1744 2
1488
3684
1745 1
3339
1746 1
14
1747 0
1748 1
0
1749 0
1750 1
987
1751 0
1752 1
0
1753 0
1754 0
1755 3
1936
3794
11
1756 1
2
1757 0
1758 1
28
1759 0
1760 2
953
3858
1761 0
1762 1
1236
1763 1
2192
1764 2
3174
1502
1765 3
3461
110
3879
1766 0
1767 0
1768 1
130
1769 2
137
2225
1770 1
332
1771 3
3280
97
2142
1772 1
1
1773 1
2978
1774 0
1775 2
2072
619
1776 0
1777 0
1778 1
3
1779 1
2624
1780 2
2970
55
1781 0
1782 2
3731
3751
1783 1
1021
1784 3
3168
2035
3508
1785 1
1741
1786 1
1167
1787 1
642
1788 1
510
1789 1
164
1790 2
2651
363
1791 1
662
1792 1
3
1793 1
199
1794 2
672
3723
1795 1
1077
1796 1
0
1797 3
3
2036
2086
1798 0
1799 0
1800 1
1129
1801 0
1802 1
1411
1803 0
1804 2
1971
3988
1805 1
133
1806 1
50
1807 1
1462
1808 1
2700
1809 2
3266
269
1810 3
4056
2217
85
1811 1
73
1812 1
1123
1813 1
98
1814 1
877
1815 1
108
1816 1
1428
1817 1
91
1818 0
1819 3
2473
3606
159
1820 1
3572
1821 1
961
1822 1
1366
1823 2
1867
1413
1824 1
2408
1825 0
1826 1
1087
1827 2
0
1899
1828 1
1363
1829 1
3771
1830 2
1357
3357
1831 1
971
1832 1
130
1833 2
1957
1454
1834 0
1835 1
3911
1836 0
1837 0
1838 1
1540
1839 1
12
1840 0
1841 1
55
1842 2
4003
1741
1843 1
420
1844 1
654
1845 1
2399
1846 2
4049
4
1847 2
675
3284
1848 1
1508
1849 1
885
1850 2
994
3022
1851 3
2736
1690
3082
1852 1
496
1853 1
785
1854 1
1519
1855 2
3730
1583
1856 0
1857 0
1858 1
314
1859 1
1811
1860 1
1550
1861 1
125
1862 1
1659
1863 1
912
1864 0
1865 4
3778
2187
3637
22
1866 1
0
1867 2
3062
1823
1868 1
85
1869 1
39
1870 1
2437
1871 2
1181
2510
1872 1
3987
1873 2
2479
967
1874 2
1987
3863
1875 1
1222
1876 2
3024
1662
1877 2
2480
203
1878 2
2737
2235
1879 2
291
3789
1880 1
2246
1881 2
2516
2343
1882 2
249
2684
1883 1
1833
1884 1
122
1885 3
17
2247
2943
1886 1
553
1887 2
0
3289
1888 1
645
1889 0
1890 1
991
1891 1
429
1892 1
150
1893 1
3978
1894 2
4001
1763
1895 0
1896 2
1331
2965
1897 1
1082
1898 0
1899 0
1900 1
1634
1901 1
2012
1902 1
3452
1903 1
95
1904 3
489
3066
2589
1905 2
2769
1268
1906 1
260
1907 0
1908 3
705
2586
1953
1909 2
1978
500
1910 0
1911 2
3073
877
1912 1
1539
1913 0
1914 0
1915 2
3110
4055
1916 1
3
1917 1
0
1918 0
1919 3
2690
141
3510
1920 1
1767
1921 0
1922 1
1901
1923 0
1924 0
1925 2
1121
3681
1926 1
1693
1927 1
803
1928 0
1929 1
1349
1930 0
1931 0
1932 1
455
1933 0
1934 2
8
3489
1935 1
1550
1936 1
1755
1937 2
2720
437
1938 1
62
1939 0
1940 2
2705
411
1941 0
1942 1
574
1943 1
3317
1944 1
1814
1945 1
458
1946 1
483
1947 2
3353
283
1948 0
1949 1
760
1950 1
1391
1951 0
1952 0
1953 0
1954 1
321
1955 0
1956 0
1957 1
1833
1958 2
266
3196
1959 1
1169
1960 1
1135
1961 1
11
1962 0
1963 1
11
1964 1
1279
1965 1
1015
1966 1
46
1967 1
1270
1968 1
213
1969 0
1970 1
493
1971 0
1972 1
971
1973 0
1974 1
1448
1975 1
1772
1976 1
981
1977 1
1741
1978 1
1909
1979 0
1980 1
492
1981 2
130
4014
1982 0
1983 1
970
1984 0
1985 2
2152
20
1986 0
1987 0
1988 1
1528
1989 1
152
1990 1
762
1991 1
1461
1992 1
579
1993 1
2530
1994 0
1995 1
290
1996 1
445
1997 1
3306
1998 2
2146
2347
1999 4
1593
2171
2443
2013
2000 1
51
2001 1
1345
2002 1
243
2003 1
99
2004 1
122
2005 1
39
2006 1
752
2007 0
2008 1
528
2009 1
206
2010 0
2011 2
3320
2
2012 0
2013 0
2014 2
2576
821
2015 1
779
2016 0
2017 1
8
2018 2
1013
3294
2019 1
3854
2020 1
11
2021 1
492
2022 1
779
2023 1
260
2024 1
8
2025 3
517
3398
3919
2026 2
3178
1203
2027 3
2585
2180
2205
2028 1
1366
2029 1
990
2030 1
1017
2031 0
2032 1
448
2033 1
899
2034 1
42
2035 0
2036 0
2037 0
2038 2
3323
3420
2039 1
1670
2040 0
2041 0
2042 0
2043 2
3667
68
2044 2
8
2598
2045 1
1694
2046 1
1144
2047 0
2048 0
2049 1
93
2050 1
348
2051 1
1520
2052 1
627
2053 2
434
3747
2054 1
375
2055 1
644
2056 1
463
2057 3
2416
4088
22
2058 1
87
2059 1
782
2060 0
2061 1
39
2062 0
2063 0
2064 1
511
2065 1
3
2066 1
33
2067 1
55
2068 1
372
2069 2
3423
111
2070 0
2071 1
1448
2072 0
2073 1
52
2074 1
223
2075 1
279
2076 2
2535
111
2077 1
212
2078 1
1191
2079 0
2080 1
1646
2081 0
2082 2
2556
15
2083 2
2540
38
2084 0
2085 0
2086 1
2310
2087 0
2088 1
449
2089 2
261
2549
2090 0
2091 1
922
2092 1
1296
2093 1
50
2094 1
506
2095 1
1917
2096 1
411
2097 1
1230
2098 1
851
2099 1
287
2100 0
2101 0
2102 1
3006
2103 0
2104 0
2105 0
2106 1
1119
2107 1
212
2108 1
2140
2109 0
2110 2
517
3159
2111 1
270
2112 1
1596
2113 0
2114 1
368
2115 1
1
2116 1
3501
2117 1
4032
2118 0
2119 0
2120 1
1606
2121 1
1328
2122 0
2123 1
54
2124 0
2125 1
1107
2126 1
291
2127 0
2128 2
3257
2534
2129 0
2130 0
2131 1
229
2132 1
238
2133 1
1099
2134 1
311
2135 0
2136 1
877
2137 3
122
3971
2725
2138 0
2139 0
2140 1
2108
2141 1
382
2142 1
1771
2143 1
76
2144 1
33
2145 1
51
2146 2
3428
1998
2147 2
3664
1269
2148 2
473
2446
2149 1
14
2150 2
650
2454
2151 1
243
2152 0
2153 1
62
2154 0
2155 0
2156 3
3568
3849
4023
2157 0
2158 0
2159 1
603
2160 1
187
2161 0
2162 0
2163 1
85
2164 1
1252
2165 1
3
2166 1
3960
2167 1
1006
2168 1
323
2169 1
1155
2170 1
291
2171 0
2172 1
1215
2173 0
2174 3
1440
3258
2486
2175 2
2834
2951
2176 1
1290
2177 2
3382
135
2178 1
37
2179 1
678
2180 1
3368
2181 2
330
3311
2182 1
1466
2183 1
412
2184 1
0
2185 1
1306
2186 1
1254
2187 0
2188 1
794
2189 2
1662
3503
2190 1
827
2191 1
106
2192 1
1763
2193 0
2194 1
28
2195 0
2196 1
525
2197 0
2198 2
218
3322
2199 0
2200 0
2201 1
2065
2202 1
1015
2203 1
22
2204 2
2842
1925
2205 1
2027
2206 1
0
2207 1
76
2208 2
56
3046
2209 0
2210 1
1058
2211 1
168
2212 1
957
2213 1
294
2214 1
911
2215 1
3995
2216 1
255
2217 1
1810
2218 0
2219 1
601
2220 1
1533
2221 1
985
2222 2
1659
3940
2223 1
22
2224 1
487
2225 1
1769
2226 0
2227 1
4084
2228 1
1
2229 2
3040
708
2230 1
110
2231 1
699
2232 2
3977
859
2233 2
3926
62
2234 1
1896
2235 2
3237
1878
2236 0
2237 1
241
2238 0
2239 0
2240 1
2
2241 1
3683
2242 1
302
2243 2
332
2397
2244 1
2293
2245 2
2449
2642
2246 3
1880
2722
3677
2247 0
2248 1
1625
2249 0
2250 1
56
2251 1
985
2252 1
709
2253 1
3236
2254 1
307
2255 1
1467
2256 0
2257 0
2258 0
2259 0
2260 1
16
2261 0
2262 1
22
2263 2
2389
1679
2264 1
150
2265 0
2266 0
2267 1
1072
2268 0
2269 1
559
2270 1
924
2271 1
1287
2272 2
84
2542
2273 1
478
2274 2
2792
3907
2275 1
21
2276 1
678
2277 2
585
3010
2278 2
337
2850
2279 1
22
2280 1
508
2281 1
107
2282 1
2741
2283 0
2284 0
2285 0
2286 1
1349
2287 0
2288 1
353
2289 0
2290 1
544
2291 1
510
2292 2
2450
1021
2293 1
2244
2294 1
178
2295 0
2296 1
3682
2297 1
1694
2298 0
2299 1
898
2300 3
761
3151
3161
2301 0
2302 0
2303 1
386
2304 0
2305 0
2306 2
4050
275
2307 1
90
2308 0
2309 0
2310 1
2086
2311 3
409
3228
3868
2312 3
2899
2629
14
2313 1
1287
2314 1
2762
2315 0
2316 1
891
2317 1
1671
2318 1
1170
2319 2
2424
1526
2320 1
1908
2321 0
2322 1
2906
2323 1
49
2324 3
1552
2828
2798
2325 2
3130
30
2326 1
749
2327 1
1120
2328 0
2329 3
3824
10
2890
2330 1
178
2331 1
72
2332 1
251
2333 0
2334 1
15
2335 0
2336 1
1943
2337 1
258
2338 0
2339 0
2340 1
1835
2341 1
1207
2342 0
2343 0
2344 2
960
3742
2345 1
2290
2346 1
1056
2347 1
1998
2348 1
3610
2349 1
849
2350 0
2351 2
2592
420
2352 2
3755
501
2353 1
1361
2354 0
2355 1
307
2356 1
445
2357 2
341
3165
2358 1
3388
2359 1
145
2360 0
2361 1
1372
2362 1
1005
2363 1
1265
2364 1
1659
2365 1
0
2366 1
178
2367 0
2368 1
1279
2369 1
53
2370 1
18
2371 1
145
2372 1
1882
2373 2
973
3935
2374 1
897
2375 1
290
2376 1
150
2377 1
890
2378 0
2379 1
1744
2380 0
2381 0
2382 0
2383 1
163
2384 1
497
2385 1
126
2386 1
3247
2387 2
3471
159
2388 1
606
2389 0
2390 0
2391 1
1998
2392 1
1127
2393 1
66
2394 1
2442
2395 1
2252
2396 0
2397 1
2243
2398 1
292
2399 0
2400 0
2401 1
112
2402 1
371
2403 1
142
2404 0
2405 0
2406 2
1772
2671
2407 1
616
2408 1
1824
2409 2
3402
3356
2410 1
10
2411 1
102
2412 1
14
2413 1
389
2414 2
33
3599
2415 1
381
2416 1
2057
2417 0
2418 1
1411
2419 1
1344
2420 1
17
2421 2
3620
39
2422 1
1106
2423 0
2424 0
2425 0
2426 0
2427 0
2428 0
2429 0
2430 1
1570
2431 1
446
2432 1
174
2433 0
2434 1
577
2435 0
2436 1
948
2437 1
1870
2438 0
2439 1
2096
2440 1
502
2441 1
233
2442 2
2394
3722
2443 1
1999
2444 1
1252
2445 0
2446 0
2447 1
2294
2448 1
47
2449 0
2450 0
2451 1
13
2452 1
0
2453 1
699
2454 1
2150
2455 1
32
2456 0
2457 0
2458 2
178
2708
2459 1
985
2460 2
3048
1842
2461 1
22
2462 0
2463 1
135
2464 0
2465 1
159
2466 0
2467 1
37
2468 0
2469 2
2692
15
2470 0
2471 1
382
2472 1
214
2473 1
1819
2474 0
2475 1
563
2476 2
241
2966
2477 1
2356
2478 1
1233
2479 1
1873
2480 1
1877
2481 1
159
2482 1
994
2483 0
2484 1
2025
2485 1
807
2486 2
2588
4044
2487 1
1434
2488 1
842
2489 1
30
2490 1
897
2491 1
11
2492 2
2938
445
2493 1
137
2494 1
1088
2495 1
61
2496 1
1937
2497 0
2498 1
122
2499 0
2500 1
46
2501 0
2502 1
1127
2503 2
1649
3068
2504 0
2505 1
481
2506 1
30
2507 1
1882
2508 0
2509 1
1140
2510 0
2511 0
2512 0
2513 3
3058
716
3810
2514 1
837
2515 1
752
2516 0
2517 1
1289
2518 2
1737
3475
2519 0
2520 1
970
2521 1
496
2522 0
2523 1
291
2524 3
2925
3190
1279
2525 1
827
2526 1
152
2527 0
2528 1
1659
2529 1
90
2530 0
2531 1
1137
2532 2
760
3160
2533 0
2534 1
2128
2535 1
3080
2536 1
0
2537 3
3418
3028
3413
2538 0
2539 0
2540 1
2083
2541 1
1346
2542 1
3229
2543 1
22
2544 0
2545 1
17
2546 2
1058
3295
2547 1
1935
2548 1
3104
2549 1
3818
2550 1
2422
2551 0
2552 1
55
2553 1
1892
2554 1
1560
2555 1
3
2556 1
2082
2557 0
2558 1
985
2559 2
72
2639
2560 1
0
2561 0
2562 2
2644
54
2563 1
14
2564 1
2024
2565 1
371
2566 0
2567 2
3609
15
2568 1
993
2569 0
2570 0
2571 1
97
2572 1
264
2573 1
341
2574 1
842
2575 2
4017
1094
2576 0
2577 1
176
2578 1
29
2579 0
2580 1
46
2581 1
3451
2582 0
2583 1
1072
2584 0
2585 1
3437
2586 0
2587 1
840
2588 0
2589 0
2590 1
1528
2591 1
283
2592 2
4074
2351
2593 1
705
2594 2
2765
478
2595 0
2596 0
2597 1
1958
2598 1
2044
2599 0
2600 2
2703
207
2601 0
2602 2
3331
3
2603 1
2128
2604 0
2605 1
1706
2606 1
106
2607 1
1310
2608 1
3453
2609 1
266
2610 0
2611 1
5
2612 1
762
2613 1
1317
2614 1
595
2615 2
144
3476
2616 1
1449
2617 1
1429
2618 2
557
3725
2619 0
2620 1
14
2621 2
4090
2140
2622 1
76
2623 1
420
2624 1
1779
2625 1
1106
2626 0
2627 2
4026
1501
2628 1
493
2629 0
2630 1
733
2631 1
1863
2632 1
954
2633 1
2595
2634 2
3345
37
2635 1
513
2636 1
1059
2637 1
5
2638 0
2639 0
2640 0
2641 1
3
2642 1
2245
2643 0
2644 1
3955
2645 2
2677
3782
2646 1
137
2647 0
2648 1
199
2649 1
475
2650 0
2651 0
2652 1
944
2653 1
424
2654 1
352
2655 1
1015
2656 2
32
2880
2657 0
2658 0
2659 0
2660 1
423
2661 1
650
2662 1
150
2663 0
2664 1
817
2665 2
2915
475
2666 1
553
2667 2
459
2852
2668 1
1424
2669 1
655
2670 1
1289
2671 3
3744
2969
2406
2672 1
2733
2673 1
2312
2674 1
0
2675 2
853
3743
2676 1
112
2677 0
2678 2
112
3540
2679 1
0
2680 1
39
2681 1
2749
2682 2
3212
1885
2683 1
554
2684 0
2685 1
20
2686 1
118
2687 1
808
2688 1
85
2689 1
96
2690 0
2691 0
2692 1
2469
2693 0
2694 1
483
2695 1
2537
2696 1
1289
2697 1
3752
2698 2
2986
207
2699 0
2700 1
1808
2701 1
2137
2702 1
84
2703 1
2600
2704 2
1626
3179
2705 0
2706 1
1486
2707 1
2182
2708 1
2458
2709 0
2710 0
2711 1
69
2712 1
1280
2713 0
2714 0
2715 1
968
2716 1
305
2717 0
2718 1
772
2719 0
2720 0
2721 1
658
2722 1
2246
2723 1
813
2724 1
2101
2725 1
2137
2726 1
513
2727 1
18
2728 1
84
2729 0
2730 1
43
2731 1
1386
2732 1
150
2733 2
2672
3905
2734 1
827
2735 0
2736 2
1851
3852
2737 0
2738 1
1487
2739 1
4
2740 1
1454
2741 1
2282
2742 0
2743 1
111
2744 1
22
2745 1
2406
2746 1
688
2747 0
2748 1
427
2749 0
2750 0
2751 0
2752 0
2753 1
3538
2754 2
3954
1526
2755 0
2756 1
448
2757 1
255
2758 0
2759 1
2190
2760 2
3192
2190
2761 1
1110
2762 0
2763 0
2764 1
43
2765 2
3472
2594
2766 1
1092
2767 2
2956
4
2768 0
2769 0
2770 0
2771 1
939
2772 0
2773 1
346
2774 0
2775 2
69
3334
2776 1
1165
2777 1
181
2778 1
1747
2779 1
913
2780 1
2506
2781 0
2782 2
2537
3175
2783 1
84
2784 2
3980
428
2785 1
559
2786 1
1001
2787 2
3170
895
2788 1
2758
2789 1
1211
2790 1
1682
2791 1
34
2792 0
2793 1
284
2794 1
1819
2795 0
2796 1
600
2797 1
577
2798 0
2799 3
3291
3989
2861
2800 1
1458
2801 1
806
2802 1
1639
2803 3
84
3477
3797
2804 1
3314
2805 0
2806 1
1211
2807 1
985
2808 1
1519
2809 1
1144
2810 2
2944
769
2811 1
323
2812 1
59
2813 1
284
2814 0
2815 1
93
2816 1
2996
2817 1
1586
2818 2
3966
790
2819 0
2820 1
3244
2821 0
2822 1
18
2823 1
2770
2824 1
332
2825 1
1119
2826 0
2827 2
3848
4
2828 1
3695
2829 1
84
2830 0
2831 1
931
2832 2
219
4027
2833 1
8
2834 0
2835 1
34
2836 1
0
2837 1
144
2838 1
870
2839 1
860
2840 2
18
3807
2841 0
2842 1
2204
2843 1
559
2844 0
2845 1
555
2846 1
940
2847 2
3326
54
2848 1
1448
2849 1
1563
2850 0
2851 0
2852 1
2667
2853 1
134
2854 1
1732
2855 0
2856 0
2857 3
3252
3822
1007
2858 0
2859 1
71
2860 0
2861 0
2862 1
1084
2863 0
2864 1
3
2865 1
424
2866 0
2867 1
889
2868 1
1133
2869 1
808
2870 0
2871 1
2124
2872 1
431
2873 1
8
2874 1
146
2875 1
260
2876 1
1295
2877 1
3645
2878 1
877
2879 1
465
2880 1
2656
2881 0
2882 1
1743
2883 1
34
2884 1
1113
2885 0
2886 1
96
2887 1
1229
2888 1
13
2889 1
2150
2890 1
2329
2891 2
2961
654
2892 0
2893 1
760
2894 1
892
2895 1
1047
2896 1
91
2897 1
1449
2898 1
1346
2899 0
2900 0
2901 2
211
3316
2902 1
1649
2903 2
3811
1103
2904 0
2905 0
2906 0
2907 0
2908 1
97
2909 1
55
2910 1
420
2911 1
860
2912 0
2913 1
1848
2914 1
855
2915 1
3812
2916 0
2917 1
68
2918 1
39
2919 1
15
2920 2
3112
1606
2921 0
2922 1
117
2923 0
2924 1
652
2925 1
2524
2926 0
2927 1
0
2928 1
1082
2929 1
3698
2930 1
2926
2931 1
2672
2932 1
0
2933 1
1027
2934 1
95
2935 0
2936 0
2937 1
202
2938 1
2492
2939 1
340
2940 1
1333
2941 1
1115
2942 0
2943 1
1885
2944 0
2945 0
2946 0
2947 0
2948 1
851
2949 1
446
2950 1
0
2951 0
2952 0
2953 1
22
2954 1
108
2955 1
2474
2956 2
4045
2767
2957 1
202
2958 1
324
2959 1
1060
2960 1
3164
2961 0
2962 1
45
2963 0
2964 0
2965 1
1896
2966 1
2476
2967 1
706
2968 0
2969 1
2671
2970 1
1780
2971 0
2972 0
2973 1
517
2974 1
671
2975 1
1318
2976 0
2977 0
2978 0
2979 0
2980 0
2981 0
2982 1
1456
2983 1
1094
2984 1
3878
2985 1
870
2986 1
2698
2987 1
69
2988 0
2989 1
1522
2990 1
2582
2991 1
1137
2992 1
255
2993 1
124
2994 1
1628
2995 1
671
2996 0
2997 1
535
2998 1
28
2999 2
3025
66
3000 0
3001 0
3002 1
69
3003 1
102
3004 0
3005 3
72
3361
3283
3006 1
2102
3007 1
403
3008 1
2489
3009 0
3010 1
2277
3011 1
210
3012 1
178
3013 1
1669
3014 0
3015 0
3016 1
60
3017 0
3018 1
27
3019 0
3020 0
3021 1
1043
3022 0
3023 1
3186
3024 0
3025 0
3026 0
3027 1
109
3028 0
3029 1
207
3030 1
2767
3031 1
960
3032 2
89
3404
3033 1
2732
3034 1
2844
3035 0
3036 0
3037 1
821
3038 1
1998
3039 1
28
3040 1
2229
3041 1
801
3042 0
3043 0
3044 0
3045 1
1871
3046 0
3047 1
260
3048 0
3049 1
17
3050 1
986
3051 1
309
3052 0
3053 1
3
3054 0
3055 1
1281
3056 1
1454
3057 1
74
3058 0
3059 0
3060 0
3061 0
3062 1
1867
3063 0
3064 1
2045
3065 0
3066 0
3067 1
1784
3068 1
2503
3069 1
1047
3070 1
406
3071 0
3072 1
2358
3073 1
1911
3074 1
1137
3075 2
3635
52
3076 0
3077 0
3078 1
18
3079 1
45
3080 0
3081 1
1643
3082 1
1851
3083 0
3084 0
3085 1
267
3086 0
3087 0
3088 1
2778
3089 1
312
3090 1
73
3091 1
1504
3092 1
949
3093 1
2704
3094 0
3095 1
2384
3096 0
3097 1
1556
3098 1
755
3099 2
85
3158
3100 0
3101 1
368
3102 1
2062
3103 1
0
3104 1
2548
3105 1
497
3106 1
424
3107 1
565
3108 1
1837
3109 1
29
3110 1
1915
3111 1
3
3112 0
3113 1
3505
3114 1
340
3115 1
1299
3116 1
843
3117 2
243
3758
3118 1
1049
3119 1
79
3120 1
1698
3121 1
60
3122 1
1433
3123 0
3124 1
973
3125 1
2275
3126 1
729
3127 2
2208
3765
3128 0
3129 0
3130 0
3131 0
3132 1
2953
3133 1
28
3134 0
3135 1
1025
3136 0
3137 1
361
3138 1
1148
3139 1
1362
3140 0
3141 1
314
3142 0
3143 0
3144 1
1203
3145 1
591
3146 1
112
3147 1
1793
3148 0
3149 1
243
3150 1
0
3151 2
2300
3221
3152 1
206
3153 1
336
3154 1
17
3155 0
3156 1
1715
3157 1
1292
3158 1
3099
3159 1
2110
3160 0
3161 0
3162 1
1999
3163 1
119
3164 0
3165 1
2357
3166 1
1289
3167 1
528
3168 1
1784
3169 1
2667
3170 0
3171 1
7
3172 1
1926
3173 1
85
3174 1
1764
3175 0
3176 1
1654
3177 1
55
3178 0
3179 1
2704
3180 1
91
3181 0
3182 1
405
3183 1
1277
3184 0
3185 1
1532
3186 0
3187 0
3188 2
3642
2253
3189 0
3190 1
2524
3191 1
230
3192 0
3193 1
827
3194 1
162
3195 0
3196 1
1958
3197 0
3198 2
553
3890
3199 0
3200 1
33
3201 0
3202 1
973
3203 0
3204 0
3205 1
290
3206 1
3304
3207 1
1737
3208 1
682
3209 0
3210 1
353
3211 1
643
3212 1
2682
3213 1
279
3214 0
3215 1
1448
3216 1
231
3217 1
1715
3218 1
3253
3219 1
658
3220 1
142
3221 1
3151
3222 2
3364
1964
3223 1
43
3224 2
3772
45
3225 1
361
3226 1
1430
3227 1
1715
3228 0
3229 0
3230 1
57
3231 1
307
3232 1
1125
3233 0
3234 2
3396
1879
3235 2
4067
39
3236 1
2253
3237 0
3238 1
1273
3239 1
8
3240 1
357
3241 0
3242 0
3243 1
1904
3244 0
3245 1
1584
3246 1
844
3247 1
2386
3248 1
2385
3249 1
136
3250 0
3251 1
26
3252 1
2857
3253 1
3218
3254 1
101
3255 1
3
3256 1
2645
3257 1
2128
3258 1
2174
3259 1
1234
3260 1
3
3261 0
3262 1
3
3263 1
3
3264 1
690
3265 1
1034
3266 1
1809
3267 2
3946
207
3268 1
0
3269 1
241
3270 1
1567
3271 0
3272 1
1092
3273 1
1501
3274 1
419
3275 1
65
3276 0
3277 1
1224
3278 0
3279 1
91
3280 1
1771
3281 1
1112
3282 1
186
3283 0
3284 0
3285 1
163
3286 0
3287 1
468
3288 1
3430
3289 1
1887
3290 1
2082
3291 1
2799
3292 1
1291
3293 0
3294 1
2018
3295 1
2546
3296 1
2622
3297 0
3298 1
1060
3299 1
274
3300 0
3301 1
437
3302 1
1392
3303 1
3
3304 0
3305 1
25
3306 1
1997
3307 1
96
3308 1
2849
3309 0
3310 1
1473
3311 1
2181
3312 0
3313 1
1871
3314 1
2804
3315 1
2418
3316 1
2901
3317 1
1943
3318 1
696
3319 0
3320 1
2011
3321 1
2840
3322 1
2198
3323 0
3324 1
1690
3325 0
3326 0
3327 1
1887
3328 2
3961
1252
3329 1
39
3330 1
293
3331 1
2602
3332 1
3976
3333 1
241
3334 0
3335 1
450
3336 1
1896
3337 0
3338 0
3339 1
1745
3340 1
735
3341 1
696
3342 1
405
3343 1
20
3344 1
1292
3345 1
2634
3346 1
350
3347 1
285
3348 1
1434
3349 0
3350 1
2934
3351 1
819
3352 1
1223
3353 1
1947
3354 2
3707
5
3355 1
1245
3356 2
2409
3454
3357 0
3358 1
986
3359 1
234
3360 0
3361 1
3005
3362 0
3363 0
3364 1
3222
3365 1
0
3366 1
3228
3367 1
1183
3368 0
3369 1
710
3370 1
1025
3371 1
253
3372 1
311
3373 0
3374 1
953
3375 1
532
3376 0
3377 1
1503
3378 0
3379 0
3380 1
2758
3381 1
253
3382 0
3383 1
353
3384 1
3466
3385 1
1628
3386 1
592
3387 1
1494
3388 0
3389 1
1544
3390 0
3391 0
3392 1
3
3393 1
0
3394 1
98
3395 1
0
3396 0
3397 1
1441
3398 1
2025
3399 1
3
3400 2
0
4024
3401 1
244
3402 0
3403 1
2485
3404 1
3032
3405 0
3406 1
1643
3407 1
1060
3408 1
1199
3409 0
3410 1
0
3411 1
430
3412 1
311
3413 0
3414 1
244
3415 1
37
3416 0
3417 1
1829
3418 1
2537
3419 2
1789
3975
3420 1
2038
3421 1
833
3422 1
498
3423 1
2069
3424 0
3425 1
369
3426 1
8
3427 1
2789
3428 0
3429 1
1429
3430 2
3288
3431
3431 0
3432 1
3702
3433 2
3409
3545
3434 1
26
3435 1
223
3436 0
3437 0
3438 0
3439 0
3440 2
1084
3781
3441 1
3
3442 0
3443 1
1115
3444 2
3996
69
3445 0
3446 1
746
3447 1
150
3448 0
3449 1
39
3450 1
174
3451 1
3898
3452 0
3453 0
3454 1
3356
3455 1
188
3456 1
1280
3457 0
3458 1
111
3459 0
3460 1
139
3461 1
1765
3462 1
946
3463 1
1653
3464 0
3465 1
1099
3466 1
3384
3467 1
1833
3468 1
513
3469 1
523
3470 1
292
3471 0
3472 1
2765
3473 1
0
3474 1
1029
3475 1
2518
3476 1
2615
3477 1
2803
3478 1
434
3479 0
3480 1
4037
3481 0
3482 1
1878
3483 1
2800
3484 1
84
3485 1
1690
3486 1
3721
3487 1
1393
3488 1
8
3489 0
3490 0
3491 1
428
3492 0
3493 0
3494 1
320
3495 1
3914
3496 0
3497 1
55
3498 1
3373
3499 1
33
3500 0
3501 1
2116
3502 1
856
3503 1
2189
3504 0
3505 1
3113
3506 1
571
3507 1
2377
3508 1
1784
3509 0
3510 1
1919
3511 0
3512 1
1234
3513 1
83
3514 0
3515 1
97
3516 1
1964
3517 0
3518 0
3519 1
659
3520 1
449
3521 1
642
3522 1
36
3523 1
17
3524 2
49
4036
3525 1
1501
3526 1
1468
3527 0
3528 0
3529 1
2173
3530 1
431
3531 1
621
3532 1
330
3533 0
3534 1
695
3535 1
2799
3536 1
2392
3537 0
3538 1
2753
3539 1
65
3540 1
2678
3541 0
3542 1
20
3543 0
3544 1
0
3545 1
3433
3546 1
398
3547 1
85
3548 0
3549 1
3
3550 1
2786
3551 0
3552 0
3553 0
3554 1
3
3555 1
3170
3556 0
3557 0
3558 0
3559 2
3691
39
3560 1
790
3561 1
1563
3562 1
736
3563 1
715
3564 0
3565 1
755
3566 0
3567 0
3568 0
3569 1
1001
3570 1
1439
3571 1
528
3572 0
3573 0
3574 1
172
3575 1
1271
3576 1
3156
3577 1
57
3578 1
9
3579 0
3580 1
22
3581 1
100
3582 1
95
3583 0
3584 1
1176
3585 1
1823
3586 0
3587 0
3588 1
1036
3589 2
898
3687
3590 1
1155
3591 1
152
3592 0
3593 1
669
3594 0
3595 1
1214
3596 0
3597 0
3598 1
1842
3599 1
2414
3600 0
3601 0
3602 1
1683
3603 1
39
3604 1
255
3605 1
1504
3606 0
3607 1
1165
3608 1
131
3609 0
3610 1
2348
3611 1
424
3612 1
597
3613 1
3098
3614 0
3615 1
1795
3616 1
464
3617 1
1931
3618 1
452
3619 1
1
3620 1
2421
3621 1
437
3622 2
117
3990
3623 1
1366
3624 0
3625 1
196
3626 1
55
3627 1
682
3628 1
1578
3629 1
827
3630 1
196
3631 1
0
3632 0
3633 1
459
3634 1
0
3635 0
3636 0
3637 1
1865
3638 1
3
3639 1
2745
3640 0
3641 0
3642 0
3643 1
130
3644 0
3645 0
3646 1
20
3647 0
3648 0
3649 1
32
3650 0
3651 0
3652 0
3653 0
3654 1
2042
3655 1
224
3656 1
696
3657 1
902
3658 1
911
3659 1
266
3660 1
810
3661 1
2321
3662 1
178
3663 0
3664 1
2147
3665 0
3666 1
1082
3667 1
2043
3668 0
3669 0
3670 1
642
3671 0
3672 0
3673 1
1148
3674 1
779
3675 0
3676 1
826
3677 1
2246
3678 1
1519
3679 1
18
3680 1
946
3681 1
1925
3682 1
2296
3683 0
3684 0
3685 1
51
3686 0
3687 0
3688 1
1072
3689 1
2795
3690 1
2549
3691 1
3559
3692 1
970
3693 1
1372
3694 0
3695 2
2828
4094
3696 0
3697 2
3953
1887
3698 0
3699 2
4073
1723
3700 1
49
3701 1
913
3702 1
3432
3703 1
364
3704 1
28
3705 1
3
3706 1
1393
3707 1
3354
3708 1
853
3709 1
1232
3710 0
3711 1
958
3712 0
3713 0
3714 1
352
3715 0
3716 1
116
3717 0
3718 1
424
3719 0
3720 1
366
3721 1
3486
3722 0
3723 0
3724 0
3725 0
3726 0
3727 1
241
3728 1
403
3729 1
1407
3730 0
3731 1
1782
3732 1
1006
3733 1
2
3734 1
261
3735 1
1763
3736 1
2213
3737 1
1625
3738 0
3739 0
3740 1
987
3741 1
417
3742 0
3743 0
3744 0
3745 0
3746 1
129
3747 1
2053
3748 1
406
3749 0
3750 1
85
3751 0
3752 0
3753 1
367
3754 2
470
3943
3755 1
2352
3756 1
754
3757 1
0
3758 1
3117
3759 1
1077
3760 1
411
3761 0
3762 1
434
3763 0
3764 1
264
3765 1
3127
3766 0
3767 1
2945
3768 0
3769 1
497
3770 1
1914
3771 0
3772 0
3773 1
2773
3774 1
390
3775 2
3891
2799
3776 1
1029
3777 1
22
3778 1
1865
3779 1
1001
3780 1
420
3781 1
3440
3782 1
2645
3783 1
2175
3784 1
1411
3785 1
1485
3786 1
1863
3787 1
311
3788 1
437
3789 0
3790 1
2154
3791 1
349
3792 1
39
3793 1
59
3794 0
3795 1
258
3796 1
2270
3797 1
2803
3798 1
280
3799 1
2749
3800 1
423
3801 1
3749
3802 1
314
3803 1
45
3804 0
3805 1
907
3806 1
3910
3807 1
2840
3808 1
803
3809 0
3810 0
3811 0
3812 1
2915
3813 0
3814 0
3815 1
1
3816 1
39
3817 0
3818 0
3819 1
1292
3820 1
112
3821 1
1078
3822 1
2857
3823 1
278
3824 0
3825 1
260
3826 1
1405
3827 1
922
3828 1
1460
3829 1
424
3830 1
1148
3831 0
3832 0
3833 0
3834 0
3835 1
573
3836 1
242
3837 2
3840
2663
3838 0
3839 0
3840 1
3837
3841 1
1621
3842 0
3843 1
1782
3844 1
877
3845 0
3846 1
1439
3847 1
2644
3848 0
3849 0
3850 1
40
3851 0
3852 0
3853 1
479
3854 0
3855 0
3856 1
2038
3857 1
2838
3858 1
1760
3859 0
3860 1
1372
3861 1
1817
3862 0
3863 0
3864 1
1220
3865 0
3866 0
3867 0
3868 0
3869 1
1439
3870 1
1222
3871 1
3685
3872 0
3873 1
986
3874 1
146
3875 1
349
3876 1
1333
3877 1
1007
3878 0
3879 0
3880 1
1454
3881 0
3882 1
17
3883 1
746
3884 0
3885 1
895
3886 1
22
3887 0
3888 0
3889 1
833
3890 0
3891 1
3775
3892 1
497
3893 0
3894 2
1784
3896
3895 0
3896 1
3894
3897 1
492
3898 0
3899 1
2423
3900 1
39
3901 1
8
3902 0
3903 1
2046
3904 1
178
3905 0
3906 2
352
4029
3907 1
2274
3908 0
3909 1
1047
3910 1
3806
3911 0
3912 0
3913 1
258
3914 0
3915 1
0
3916 1
513
3917 1
1472
3918 1
276
3919 0
3920 0
3921 0
3922 1
22
3923 0
3924 1
607
3925 1
1267
3926 0
3927 1
18
3928 1
330
3929 1
120
3930 1
3134
3931 1
3783
3932 1
1682
3933 1
1187
3934 1
48
3935 1
2373
3936 0
3937 1
1228
3938 1
516
3939 1
323
3940 0
3941 1
947
3942 1
348
3943 1
3754
3944 1
186
3945 1
424
3946 0
3947 1
56
3948 1
0
3949 0
3950 1
3534
3951 1
0
3952 1
2422
3953 1
3697
3954 0
3955 0
3956 1
699
3957 1
746
3958 0
3959 1
2816
3960 0
3961 0
3962 1
821
3963 0
3964 1
66
3965 1
0
3966 0
3967 0
3968 1
825
3969 1
3292
3970 1
12
3971 1
2137
3972 1
1036
3973 1
1910
3974 1
3
3975 1
3419
3976 1
3332
3977 1
2232
3978 1
1893
3979 1
1279
3980 0
3981 1
336
3982 1
3
3983 0
3984 1
2005
3985 0
3986 1
37
3987 1
4013
3988 0
3989 0
3990 1
3622
3991 1
226
3992 1
255
3993 1
944
3994 1
244
3995 1
2215
3996 1
3444
3997 1
1683
3998 1
927
3999 1
291
4000 1
2933
4001 0
4002 1
29
4003 1
1842
4004 0
4005 1
828
4006 0
4007 1
10
4008 1
35
4009 1
3608
4010 1
167
4011 1
258
4012 1
1411
4013 1
3987
4014 1
1981
4015 1
636
4016 1
2595
4017 0
4018 1
33
4019 1
239
4020 1
1
4021 0
4022 1
381
4023 0
4024 0
4025 1
312
4026 0
4027 1
2832
4028 0
4029 0
4030 1
128
4031 1
1226
4032 0
4033 1
76
4034 1
39
4035 0
4036 0
4037 0
4038 1
28
4039 1
4065
4040 1
3912
4041 1
371
4042 0
4043 0
4044 0
4045 1
2956
4046 0
4047 0
4048 0
4049 1
1846
4050 1
2306
4051 1
1162
4052 1
2152
4053 1
1473
4054 0
4055 1
1915
4056 0
4057 1
1362
4058 1
746
4059 0
4060 1
45
4061 1
448
4062 1
105
4063 1
1313
4064 1
1
4065 0
4066 0
4067 1
3235
4068 1
1074
4069 1
3717
4070 1
30
4071 1
1205
4072 0
4073 1
3699
4074 0
4075 0
4076 1
111
4077 1
2644
4078 1
548
4079 1
17
4080 0
4081 1
1499
4082 1
52
4083 1
1611
4084 0
4085 1
71
4086 1
112
4087 1
1015
4088 0
4089 1
4017
4090 1
2621
4091 0
4092 1
4
4093 1
857
4094 0
4095 1
3519
